training_error:0.025
testing_error:0.0
b_of_setosa:1.1341083566668428
support_vector_indices_of_setosa:78,13,31
b_of_versicolor:1.154363176007948
support_vector_indices_of_versicolor:14,15,19,20,28,31,80,86,89,93,96,97,99,101,103,104,107,108,116,117,119,41,43,46,48,50,52,57,58,63,64,65,66,67,68,69,70,71,74,76,79
b_of_virginica:-5.195629550972587
support_vector_indices_of_virginica:43,48,50,52,57,63,64,65,89,93,96,97,103,108
